row: 0, (377,198)
row: 0, (378,198)
row: 0, (379,198)
row: 0, (380,198)
row: 0, (381,198)
row: 0, (382,198)
row: 0, (383,198)
row: 0, (384,198)
row: 0, (385,198)
row: 0, (386,198)
row: 0, (387,198)
row: 0, (388,198)
row: 0, (389,198)
row: 0, (390,198)
row: 0, (391,198)
row: 0, (392,198)
row: 0, (393,198)
row: 0, (394,198)
row: 0, (395,198)
row: 0, (396,198)
row: 0, (397,198)
row: 0, (398,198)
row: 0, (399,198)
row: 0, (400,198)
row: 0, (401,198)
row: 1, (377,199)
row: 1, (378,199)
row: 1, (379,199)
row: 1, (380,199)
row: 1, (381,199)
row: 1, (382,199)
row: 1, (383,199)
row: 1, (384,199)
row: 1, (385,199)
row: 1, (386,199)
row: 1, (387,199)
row: 1, (388,199)
row: 1, (389,199)
row: 1, (390,199)
row: 1, (391,199)
row: 1, (392,199)
row: 1, (393,199)
row: 1, (394,199)
row: 1, (395,199)
row: 1, (396,199)
row: 1, (397,199)
row: 1, (398,199)
row: 1, (399,199)
row: 1, (400,199)
row: 1, (401,199)
row: 2, (377,200)
row: 2, (378,200)
row: 2, (379,200)
row: 2, (380,200)
row: 2, (381,200)
row: 2, (382,200)
row: 2, (383,200)
row: 2, (384,200)
row: 2, (385,200)
row: 2, (386,200)
row: 2, (387,200)
row: 2, (388,200)
row: 2, (389,200)
row: 2, (390,200)
row: 2, (391,200)
row: 2, (392,200)
row: 2, (393,200)
row: 2, (394,200)
row: 2, (395,200)
row: 2, (396,200)
row: 2, (397,200)
row: 2, (398,200)
row: 2, (399,200)
row: 2, (400,200)
row: 2, (401,200)
row: 3, (377,201)
row: 3, (378,201)
row: 3, (379,201)
row: 3, (380,201)
row: 3, (381,201)
row: 3, (382,201)
row: 3, (383,201)
row: 3, (384,201)
row: 3, (385,201)
row: 3, (386,201)
row: 3, (387,201)
row: 3, (388,201)
row: 3, (389,201)
row: 3, (390,201)
row: 3, (391,201)
row: 3, (392,201)
row: 3, (393,201)
row: 3, (394,201)
row: 3, (395,201)
row: 3, (396,201)
row: 3, (397,201)
row: 3, (398,201)
row: 3, (399,201)
row: 3, (400,201)
row: 3, (401,201)
row: 4, (377,202)
row: 4, (378,202)
row: 4, (379,202)
row: 4, (380,202)
row: 4, (381,202)
row: 4, (382,202)
row: 4, (383,202)
row: 4, (384,202)
row: 4, (385,202)
row: 4, (386,202)
row: 4, (387,202)
row: 4, (388,202)
row: 4, (389,202)
row: 4, (390,202)
row: 4, (391,202)
row: 4, (392,202)
row: 4, (393,202)
row: 4, (394,202)
row: 4, (395,202)
row: 4, (396,202)
row: 4, (397,202)
row: 4, (398,202)
row: 4, (399,202)
row: 4, (400,202)
row: 4, (401,202)
row: 5, (377,203)
row: 5, (378,203)
row: 5, (379,203)
row: 5, (380,203)
row: 5, (381,203)
row: 5, (382,203)
row: 5, (383,203)
row: 5, (384,203)
row: 5, (385,203)
row: 5, (386,203)
row: 5, (387,203)
row: 5, (388,203)
row: 5, (389,203)
row: 5, (390,203)
row: 5, (391,203)
row: 5, (392,203)
row: 5, (393,203)
row: 5, (394,203)
row: 5, (395,203)
row: 5, (396,203)
row: 5, (397,203)
row: 5, (398,203)
row: 5, (399,203)
row: 5, (400,203)
row: 5, (401,203)